1000.0 100.0 7.74
1000.0 200.0 7.3775
1000.0 400.0 6.0947
1000.0 600.0 4.0337
1000.0 800.0 1.5257
1000.0 900.0 0.50195
1200.0 100.0 3.65
1200.0 1000.0 0.53003
1200.0 1100.0 0.17412
1200.0 200.0 3.5244
1200.0 400.0 3.0888
1200.0 600.0 2.3962
1200.0 800.0 1.4865
1400.0 100.0 1.8753
1400.0 1000.0 0.61205
1400.0 1200.0 0.20823
1400.0 1300.0 0.068633
1400.0 200.0 1.8212
1400.0 400.0 1.6514
1400.0 600.0 1.3897
1400.0 800.0 1.0326
1600.0 100.0 1.0193
1600.0 1000.0 0.47342
1600.0 1200.0 0.27032
1600.0 1400.0 0.089445
1600.0 1500.0 0.029589
1600.0 200.0 0.99495
1600.0 400.0 0.91875
1600.0 600.0 0.80794
1600.0 800.0 0.65785
1800.0 100.0 0.57785
1800.0 1000.0 0.32373
1800.0 1200.0 0.22688
1800.0 1400.0 0.12566
1800.0 1600.0 0.040898
1800.0 1700.0 0.013774
1800.0 200.0 0.56454
1800.0 400.0 0.52714
1800.0 600.0 0.47556
1800.0 800.0 0.40857
2000.0 100.0 0.33867
2000.0 1000.0 0.21418
2000.0 1200.0 0.16646
2000.0 1400.0 0.11374
2000.0 1600.0 0.061447
2000.0 1800.0 0.019819
2000.0 1900.0 0.0067638
2000.0 200.0 0.33169
2000.0 400.0 0.31267
2000.0 600.0 0.28744
2000.0 800.0 0.25459
2200.0 100.0 0.20503
2200.0 1000.0 0.13938
2200.0 1200.0 0.11518
2200.0 1400.0 0.087833
2200.0 1600.0 0.05908
2200.0 1800.0 0.031517
2200.0 200.0 0.2005
2200.0 2000.0 0.010019
2200.0 2100.0 0.003467
2200.0 400.0 0.18996
2200.0 600.0 0.17668
2200.0 800.0 0.15981
2400.0 100.0 0.1253
2400.0 1000.0 0.089511
2400.0 1200.0 0.076873
2400.0 1400.0 0.062645
2400.0 1600.0 0.047025
2400.0 1800.0 0.031066
2400.0 200.0 0.12262
2400.0 2000.0 0.016347
2400.0 2200.0 0.0051326
2400.0 2300.0 0.0018116
2400.0 400.0 0.11644
2400.0 600.0 0.1092
2400.0 800.0 0.10009
2600.0 100.0 0.078279
2600.0 1000.0 0.057504
2600.0 1200.0 0.050753
2600.0 1400.0 0.043098
2600.0 1600.0 0.034648
2600.0 1800.0 0.025721
2600.0 200.0 0.07638
2600.0 2000.0 0.016765
2600.0 2200.0 0.0087256
2600.0 2400.0 0.0027368
2600.0 2500.0 0.00097922
2600.0 400.0 0.072533
2600.0 600.0 0.068407
2600.0 800.0 0.063325
2800.0 100.0 0.049835
2800.0 1000.0 0.037378
2800.0 1200.0 0.0336
2800.0 1400.0 0.029368
2800.0 1600.0 0.024635
2800.0 1800.0 0.01953
2800.0 200.0 0.048607
2800.0 2000.0 0.01438
2800.0 2200.0 0.0092781
2800.0 2400.0 0.004765
2800.0 2600.0 0.0014841
2800.0 2700.0 0.00054188
2800.0 400.0 0.046079
2800.0 600.0 0.043573
2800.0 800.0 0.040616
3000.0 100.0 0.03216
3000.0 1000.0 0.024233
3000.0 1200.0 0.022104
3000.0 1400.0 0.019672
3000.0 1600.0 0.017055
3000.0 1800.0 0.014153
3000.0 200.0 0.031247
3000.0 2000.0 0.011149
3000.0 2200.0 0.0081017
3000.0 2400.0 0.0051825
3000.0 2600.0 0.0026356
3000.0 2800.0 0.00082111
3000.0 2900.0 0.00030511
3000.0 400.0 0.02957
3000.0 600.0 0.027965
3000.0 800.0 0.026153
3200.0 100.0 0.021053
3200.0 1000.0 0.015779
3200.0 1200.0 0.014549
3200.0 1400.0 0.013138
3200.0 1600.0 0.011684
3200.0 1800.0 0.0099879
3200.0 200.0 0.02034
3200.0 2000.0 0.0082275
3200.0 2200.0 0.00642
3200.0 2400.0 0.0046274
3200.0 2600.0 0.0029332
3200.0 2800.0 0.0014811
3200.0 3000.0 0.00045917
3200.0 3100.0 0.00017367
3200.0 400.0 0.019161
3200.0 600.0 0.018101
3200.0 800.0 0.016977
3400.0 100.0 0.013936
3400.0 1000.0 0.010369
3400.0 1200.0 0.0096277
3400.0 1400.0 0.008787
3400.0 1600.0 0.0078883
3400.0 1800.0 0.0069274
3400.0 200.0 0.013442
3400.0 2000.0 0.0058954
3400.0 2200.0 0.004815
3400.0 2400.0 0.0037301
3400.0 2600.0 0.0026701
3400.0 2800.0 0.0016754
3400.0 3000.0 0.00083657
3400.0 3200.0 0.00026183
3400.0 3300.0 0.0001003
3400.0 400.0 0.012577
3400.0 600.0 0.011833
3400.0 800.0 0.011134
3600.0 100.0 0.0093099
3600.0 1000.0 0.0068007
3600.0 1200.0 0.0063114
3600.0 1400.0 0.0058157
3600.0 1600.0 0.0052736
3600.0 1800.0 0.0046909
3600.0 200.0 0.0088957
3600.0 2000.0 0.0040888
3600.0 2200.0 0.0034567
3600.0 2400.0 0.0028122
3600.0 2600.0 0.0021591
3600.0 2800.0 0.0015332
3600.0 3000.0 0.00095572
3600.0 3200.0 0.00047427
3600.0 3400.0 0.00014913
3600.0 3500.0 5.8072e-05
3600.0 400.0 0.0082766
3600.0 600.0 0.0077674
3600.0 800.0 0.0072617
3800.0 100.0 0.006288
3800.0 1000.0 0.0044595
3800.0 1200.0 0.0041473
3800.0 1400.0 0.0038301
3800.0 1600.0 0.0035056
3800.0 1800.0 0.0031654
3800.0 200.0 0.0059952
3800.0 2000.0 0.0028072
3800.0 2200.0 0.0024225
3800.0 2400.0 0.0020384
3800.0 2600.0 0.0016474
3800.0 2800.0 0.00126
3800.0 3000.0 0.00088705
3800.0 3200.0 0.00054951
3800.0 3400.0 0.00027229
3800.0 3600.0 8.6372e-05
3800.0 3700.0 3.4168e-05
3800.0 400.0 0.0054889
3800.0 600.0 0.0051239
3800.0 800.0 0.0047883
4000.0 100.0 0.0043721
4000.0 1000.0 0.0029843
4000.0 1200.0 0.0027786
4000.0 1400.0 0.0025669
4000.0 1600.0 0.0023571
4000.0 1800.0 0.0021511
4000.0 200.0 0.004122
4000.0 2000.0 0.0019291
4000.0 2200.0 0.0017004
4000.0 2400.0 0.0014654
4000.0 2600.0 0.0012238
4000.0 2800.0 0.00098258
4000.0 3000.0 0.00074955
4000.0 3200.0 0.0005241
4000.0 3400.0 0.00032345
4000.0 3600.0 0.00016012
4000.0 3800.0 5.08e-05
4000.0 3900.0 2.0636e-05
4000.0 400.0 0.0037348
4000.0 600.0 0.003441
4000.0 800.0 0.0031974
4200.0 100.0 0.0031159
4200.0 1000.0 0.0020346
4200.0 1200.0 0.0018862
4200.0 1400.0 0.0017547
4200.0 1600.0 0.0016165
4200.0 1800.0 0.0014766
4200.0 200.0 0.0029173
4200.0 2000.0 0.0013376
4200.0 2200.0 0.0011961
4200.0 2400.0 0.0010522
4200.0 2600.0 0.00090251
4200.0 2800.0 0.00075069
4200.0 3000.0 0.00060085
4200.0 3200.0 0.00045437
4200.0 3400.0 0.00031636
4200.0 3600.0 0.00019464
4200.0 3800.0 9.5977e-05
4200.0 400.0 0.0025933
4200.0 4000.0 3.066e-05
4200.0 4100.0 1.287e-05
4200.0 600.0 0.0023781
4200.0 800.0 0.0021952
4400.0 100.0 0.0022707
4400.0 1000.0 0.0014054
4400.0 1200.0 0.0013054
4400.0 1400.0 0.0012102
4400.0 1600.0 0.00112
4400.0 1800.0 0.0010294
4400.0 200.0 0.002104
4400.0 2000.0 0.00093948
4400.0 2200.0 0.00084406
4400.0 2400.0 0.00075369
4400.0 2600.0 0.00065843
4400.0 2800.0 0.0005632
4400.0 3000.0 0.00046813
4400.0 3200.0 0.00037158
4400.0 3400.0 0.00028045
4400.0 3600.0 0.00019385
4400.0 3800.0 0.00011888
4400.0 400.0 0.0018555
4400.0 4000.0 5.8738e-05
4400.0 4200.0 1.8938e-05
4400.0 4300.0 8.0633e-06
4400.0 600.0 0.0016688
4400.0 800.0 0.0015322
4600.0 100.0 0.0016806
4600.0 1000.0 0.00098441
4600.0 1200.0 0.00090757
4600.0 1400.0 0.00083705
4600.0 1600.0 0.00077231
4600.0 1800.0 0.00071286
4600.0 200.0 0.0015413
4600.0 2000.0 0.00065458
4600.0 2200.0 0.00059685
4600.0 2400.0 0.00053311
4600.0 2600.0 0.00047332
4600.0 2800.0 0.00041527
4600.0 3000.0 0.00035079
4600.0 3200.0 0.00029205
4600.0 3400.0 0.00023035
4600.0 3600.0 0.0001728
4600.0 3800.0 0.00011954
4600.0 400.0 0.0013337
4600.0 4000.0 7.3019e-05
4600.0 4200.0 3.5908e-05
4600.0 4400.0 1.1697e-05
4600.0 4500.0 5.1284e-06
4600.0 600.0 0.0011886
4600.0 800.0 0.0010723
4800.0 100.0 0.0012719
4800.0 1000.0 0.00069927
4800.0 1200.0 0.00064045
4800.0 1400.0 0.00058979
4800.0 1600.0 0.00054083
4800.0 1800.0 0.00050501
4800.0 200.0 0.001153
4800.0 2000.0 0.00046246
4800.0 2200.0 0.0004215
4800.0 2400.0 0.00038189
4800.0 2600.0 0.00034297
4800.0 2800.0 0.0003031
4800.0 3000.0 0.00026378
4800.0 3200.0 0.00022301
4800.0 3400.0 0.00018391
4800.0 3600.0 0.00014484
4800.0 3800.0 0.0001087
4800.0 400.0 0.00097858
4800.0 4000.0 7.4886e-05
4800.0 4200.0 4.5507e-05
4800.0 4400.0 2.2507e-05
4800.0 4600.0 7.4521e-06
4800.0 4700.0 3.3452e-06
4800.0 600.0 0.00085932
4800.0 800.0 0.00076889
5000.0 100.0 0.00098612
5000.0 1000.0 0.00050861
5000.0 1200.0 0.00046352
5000.0 1400.0 0.00042719
5000.0 1600.0 0.00039086
5000.0 1800.0 0.00035983
5000.0 200.0 0.00088143
5000.0 2000.0 0.00032989
5000.0 2200.0 0.00030266
5000.0 2400.0 0.00027646
5000.0 2600.0 0.00024974
5000.0 2800.0 0.00022328
5000.0 3000.0 0.00019803
5000.0 3200.0 0.00017087
5000.0 3400.0 0.00014493
5000.0 3600.0 0.00011868
5000.0 3800.0 9.3968e-05
5000.0 400.0 0.00073788
5000.0 4000.0 6.9452e-05
5000.0 4200.0 4.8042e-05
5000.0 4400.0 2.9202e-05
5000.0 4600.0 1.4478e-05
5000.0 4800.0 4.8767e-06
5000.0 4900.0 2.255e-06
5000.0 600.0 0.00063843
5000.0 800.0 0.00056554
5200.0 100.0 0.00077797
5200.0 1000.0 0.00038029
5200.0 1200.0 0.00034041
5200.0 1400.0 0.00031264
5200.0 1600.0 0.00028542
5200.0 1800.0 0.00026362
5200.0 200.0 0.00069297
5200.0 2000.0 0.0002422
5200.0 2200.0 0.0002221
5200.0 2400.0 0.00020379
5200.0 2600.0 0.00018592
5200.0 2800.0 0.00016719
5200.0 3000.0 0.00014986
5200.0 3200.0 0.0001319
5200.0 3400.0 0.00011422
5200.0 3600.0 9.6617e-05
5200.0 3800.0 7.8794e-05
5200.0 400.0 0.00057146
5200.0 4000.0 6.1977e-05
5200.0 4200.0 4.6264e-05
5200.0 4400.0 3.187e-05
5200.0 4600.0 1.9312e-05
5200.0 4800.0 9.6078e-06
5200.0 5000.0 3.3021e-06
5200.0 5100.0 1.5406e-06
5200.0 600.0 0.00048607
5200.0 800.0 0.00042609
5400.0 100.0 0.00062615
5400.0 1000.0 0.0002876
5400.0 1200.0 0.00025817
5400.0 1400.0 0.00023458
5400.0 1600.0 0.00021478
5400.0 1800.0 0.00019631
5400.0 200.0 0.0005547
5400.0 2000.0 0.00018082
5400.0 2200.0 0.00016659
5400.0 2400.0 0.00015296
5400.0 2600.0 0.00014057
5400.0 2800.0 0.00012796
5400.0 3000.0 0.00011552
5400.0 3200.0 0.00010278
5400.0 3400.0 9.0152e-05
5400.0 3600.0 7.8296e-05
5400.0 3800.0 6.5862e-05
5400.0 400.0 0.00045046
5400.0 4000.0 5.3711e-05
5400.0 4200.0 4.2085e-05
5400.0 4400.0 3.1488e-05
5400.0 4600.0 2.1372e-05
5400.0 4800.0 1.3035e-05
5400.0 5000.0 6.4969e-06
5400.0 5200.0 2.2373e-06
5400.0 5300.0 1.0728e-06
5400.0 600.0 0.0003788
5400.0 800.0 0.00032796
5600.0 100.0 0.00051114
5600.0 1000.0 0.00022251
5600.0 1200.0 0.00019768
5600.0 1400.0 0.00017862
5600.0 1600.0 0.00016244
5600.0 1800.0 0.00014878
5600.0 200.0 0.00044798
5600.0 2000.0 0.00013651
5600.0 2200.0 0.00012555
5600.0 2400.0 0.000116
5600.0 2600.0 0.00010716
5600.0 2800.0 9.8039e-05
5600.0 3000.0 8.9375e-05
5600.0 3200.0 8.0562e-05
5600.0 3400.0 7.1491e-05
5600.0 3600.0 6.3028e-05
5600.0 3800.0 5.4101e-05
5600.0 400.0 0.00035968
5600.0 4000.0 4.5379e-05
5600.0 4200.0 3.7029e-05
5600.0 4400.0 2.9195e-05
5600.0 4600.0 2.1459e-05
5600.0 4800.0 1.4719e-05
5600.0 5000.0 8.9327e-06
5600.0 5200.0 4.4928e-06
5600.0 5400.0 1.5718e-06
5600.0 5500.0 7.6018e-07
5600.0 600.0 0.00029911
5600.0 800.0 0.00025544
5800.0 100.0 0.00042156
5800.0 1000.0 0.00017402
5800.0 1200.0 0.00015335
5800.0 1400.0 0.00013689
5800.0 1600.0 0.00012447
5800.0 1800.0 0.00011317
5800.0 200.0 0.00036887
5800.0 2000.0 0.00010444
5800.0 2200.0 9.6197e-05
5800.0 2400.0 8.8456e-05
5800.0 2600.0 8.2245e-05
5800.0 2800.0 7.4914e-05
5800.0 3000.0 6.9047e-05
5800.0 3200.0 6.2738e-05
5800.0 3400.0 5.692e-05
5800.0 3600.0 5.0372e-05
5800.0 3800.0 4.4156e-05
5800.0 400.0 0.00029171
5800.0 4000.0 3.8069e-05
5800.0 4200.0 3.2007e-05
5800.0 4400.0 2.5971e-05
5800.0 4600.0 2.0283e-05
5800.0 4800.0 1.5019e-05
5800.0 5000.0 1.029e-05
5800.0 5200.0 6.1963e-06
5800.0 5400.0 3.0943e-06
5800.0 5600.0 1.1084e-06
5800.0 5700.0 5.4439e-07
5800.0 600.0 0.00024002
5800.0 800.0 0.00020242
6000.0 100.0 0.00035351
6000.0 1000.0 0.00013864
6000.0 1200.0 0.00012116
6000.0 1400.0 0.00010765
6000.0 1600.0 9.6817e-05
6000.0 1800.0 8.802e-05
6000.0 200.0 0.00030673
6000.0 2000.0 7.994e-05
6000.0 2200.0 7.4143e-05
6000.0 2400.0 6.8832e-05
6000.0 2600.0 6.3379e-05
6000.0 2800.0 5.8632e-05
6000.0 3000.0 5.3933e-05
6000.0 3200.0 4.934e-05
6000.0 3400.0 4.4836e-05
6000.0 3600.0 4.0551e-05
6000.0 3800.0 3.6009e-05
6000.0 400.0 0.00023932
6000.0 4000.0 3.1571e-05
6000.0 4200.0 2.7089e-05
6000.0 4400.0 2.268e-05
6000.0 4600.0 1.8397e-05
6000.0 4800.0 1.4275e-05
6000.0 5000.0 1.0676e-05
6000.0 5200.0 7.1741e-06
6000.0 5400.0 4.3748e-06
6000.0 5600.0 2.2191e-06
6000.0 5800.0 7.8639e-07
6000.0 5900.0 3.9306e-07
6000.0 600.0 0.00019383
6000.0 800.0 0.00016244
800.0 100.0 18.664
800.0 200.0 17.403
800.0 400.0 12.535
800.0 600.0 5.2422
800.0 700.0 1.7765